Some((
    red: 0.17833415,
    green: 0.17478155,
    blue: 0.22807062,
    alpha: 1.0,
))