Some((
    red: 0.15169665,
    green: 0.1650561,
    blue: 0.23185325,
    alpha: 1.0,
))