Some((
    red: 0.3882353,
    green: 0.3882353,
    blue: 0.3882353,
))