Some((
    red: 0.26514882,
    green: 0.25743398,
    blue: 0.32356107,
    alpha: 1.0,
))